# GIMP colorrc
# 
# This file holds a list of recently used colors.

(color-history
    (color-rgba 0.039400921658986184 0.059999999999999998 0.047758692919983241 1)
    (color-rgba 0.05041623309053072 0.076774193548387104 0.061110585564279639 1)
    (color-rgba 0.037282592537535318 0.0567741935483871 0.045191021257618556 1)
    (color-rgba 0.063549873643526114 0.096774193548387094 0.077030149870940715 1)
    (color-rgba 0.069327134883846661 0.10557184750733137 0.084032890768298951 1)
    (color-rgba 0.080881657364487783 0.12316715542521994 0.098038372563015452 1)
    (color-rgba 0.14828303850156091 0.22580645161290319 0.1797370163655283 1)
    (color-rgba 0 0 0 1)
    (color-rgba 0.061624119896752594 0.093841642228739003 0.074695902905154626 1)
    (color-rgba 0.15213454599510792 0.23167155425219937 0.18440551029710045 1)
    (color-rgba 0.059698366149979074 0.090909090909090912 0.072361655939368552 1)
    (color-rgba 0.077030149870940742 0.11730205278592376 0.09336987863144329 1)
    (color-rgba 0.12096774193548389 0.14296187683284459 0.1466275659824047 1)
    (color-rgba 0.13306451612903228 0.15725806451612903 0.16129032258064516 1)
    (color-rgba 0.12568077084206117 0.14313643345901411 0.1466275659824047 1)
    (color-rgba 0.058240830856166735 0.10263929618768328 0.078982580711555908 1)
    (color-rgba 0.074881068243642948 0.13196480938416422 0.10154903234342902 1)
    (color-rgba 0.091521305631119154 0.16129032258064516 0.12411548397530214 1)
    (color-rgba 0.07889660796336663 0.11436950146627564 0.087459030533034332 1)
    (color-rgba 0.19723747137276035 0.28196147110332748 0.22819431742815985 1)
    (color-rgba 0.12740805604203151 0.18213660245183882 0.14740502492253801 1)
    (color-rgba 0.14700929543311328 0.21015761821366019 0.17008272106446695 1)
    (color-rgba 0.1331724214445866 0.45183887915936949 0.26106246351430257 1)
    (color-rgba 0.16463500070057444 0.24102564102564103 0.18439120078464347 1)
    (color-rgba 0.051617217614180866 0.17513134851138357 0.10118700136213279 1)
    (color-rgba 0.069683243779144144 0.21190893169877412 0.1366024518388792 1)
    (color-rgba 0.069683243779144144 0.16987740805604201 0.1366024518388792 1)
    (color-rgba 0.17104068927608113 0.26619964973730292 0.2166515397497028 1)
    (color-rgba 0.3083233477739884 0.35971057240298654 0.39054290718038531 1)
    (color-rgba 0.21015761821366022 0.24518388791593695 0.26619964973730292 1)
    (color-rgba 0.058069868190616658 0.067748179555719448 0.0735551663747811 1)
    (color-rgba 0.72449073647340767 0.84523919255230917 0.91768826619964972 1)
    (color-rgba 0.38574983869481055 0.4500414784772791 0.48861646234676004 1)
    (color-rgba 0.089870034104525751 0.10484837312194673 0.11383537653239928 1)
    (color-rgba 0.23780993639966816 0.27744492579961288 0.30122591943957966 1)
    (color-rgba 0.78947368421052633 0.92105263157894757 1 1)
    (color-rgba 0.11199188865333209 0.13065720342888745 0.14185639229422065 1)
    (color-rgba 0.41616738869941938 0.48552862014932269 0.52714535901926451 1)
    (color-rgba 0.35809752050880272 0.41778044059360325 0.45359019264448341 1)
    (color-rgba 0.21845331366946266 0.25486219928103981 0.27670753064798603 1)
    (color-rgba 0.160383445478846 0.18711401972532038 0.20315236427320493 1)
    (color-rgba 0.27790579776937968 0.32422343073094306 0.35201401050788095 1)
    (color-rgba 0.46594156143423354 0.54359848833993929 0.59019264448336251 1)
    (color-rgba 0.095400497741727361 0.11130058069868194 0.12084063047285465 1)
    (color-rgba 0.2032445386671583 0.23711862844501808 0.25744308231173385 1)
    (color-rgba 0.5115678864411467 0.59682920084800462 0.64798598949211916 1)
    (color-rgba 0.30825276726916068 0.45128205128205129 0.34524309934146008 1)
    (color-rgba 0.22000402293070495 0.32208588957055212 0.24640450568238967 1)
    (color-rgba 0.26190955110798214 0.3834355828220859 0.29333869724094008 1)
    (color-rgba 0.49019607843137253 0.71764705882352942 0.5490196078431373 1)
    (color-rgba 1 1 1 1)
    (color-rgba 0.15294117647058825 0.1803921568627451 0.20000000000000001 1)
    (color-rgba 0.11764705882352941 0.13725490196078433 0.14901960784313725 1)
    (color-rgba 0.13725490196078433 0.16470588235294117 0.1803921568627451 1))

# end of colorrc
